0 1 
1 0 11 
2 3 12 
3 2 13 
4 5 
5 4 6 
6 16 5 7 
7 8 6 
8 18 7 
9 19 
10 20 
11 1 21 
12 2 22 
13 3 14 
14 13 15 
15 25 14 
16 17 6 
17 16 27 
18 8 19 
19 9 18 
20 10 30 
21 11 31 
22 32 12 
23 24 33 
24 34 23 
25 26 15 
26 25 36 
27 17 28 
28 27 29 
29 28 39 
30 40 20 
31 41 21 
32 33 22 
33 32 23 
34 24 35 
35 34 45 
36 26 37 
37 36 38 
38 37 39 
39 49 29 38 
40 41 50 30 
41 40 31 
42 43 52 
43 42 44 
44 43 54 
45 35 55 
46 56 47 
47 48 46 
48 49 47 
49 48 39 
50 40 60 
51 52 61 
52 42 51 
53 63 
54 44 55 
55 45 54 
56 66 46 
57 58 67 
58 57 59 
59 58 69 
60 50 61 
61 51 60 
62 72 63 
63 64 73 53 62 
64 65 63 
65 64 75 
66 56 76 
67 57 77 
68 78 
69 59 79 
70 80 
71 72 81 
72 62 71 
73 83 63 
74 75 
75 65 74 
76 66 77 
77 67 76 
78 88 68 
79 89 69 
80 81 90 70 
81 80 71 
82 92 
83 73 84 
84 83 94 
85 86 95 
86 85 87 
87 88 97 86 
88 78 87 
89 99 79 
90 80 91 
91 90 92 
92 82 91 93 
93 92 
94 84 95 
95 96 85 94 
96 95 
97 98 87 
98 97 99 
