0 20 
1 2 
2 1 3 
3 2 4 23 
4 24 3 
5 6 
6 5 7 
7 8 27 6 
8 9 7 
9 8 10 
10 9 11 
11 10 31 
12 13 
13 12 14 
14 34 13 15 
15 16 35 14 
16 17 15 
17 16 
18 19 38 
19 18 39 
20 0 21 
21 41 20 
22 42 23 
23 3 22 
24 44 4 
25 26 45 
26 25 46 
27 28 47 7 
28 27 29 
29 49 28 
30 50 31 
31 11 30 
32 33 52 
33 32 53 
34 14 
35 36 55 15 
36 35 37 
37 36 38 
38 18 37 
39 59 19 
40 60 
41 42 21 
42 41 22 
43 63 
44 64 24 
45 65 25 
46 66 26 
47 48 27 
48 47 
49 69 29 
50 70 30 
51 52 71 
52 32 51 
53 33 54 
54 74 53 
55 56 35 
56 57 55 
57 56 
58 59 78 
59 58 39 
60 40 80 61 
61 81 60 
62 82 
63 64 83 43 
64 44 63 
65 85 45 
66 67 46 
67 66 68 
68 67 69 
69 49 68 
70 90 50 
71 72 51 
72 73 71 
73 72 93 
74 75 54 
75 74 76 
76 75 77 
77 97 76 
78 58 79 
79 99 78 
80 100 60 
81 82 61 
82 62 81 102 
83 63 103 
84 104 85 
85 65 84 105 
86 106 87 
87 88 86 
88 89 87 
89 88 109 
90 91 70 
91 90 92 
92 112 91 
93 73 113 
94 95 
95 96 94 
96 116 95 
97 98 77 
98 97 118 
99 119 79 
100 80 120 
101 102 
102 82 101 
103 83 123 
104 84 
105 125 85 
106 86 126 
107 108 
108 128 107 
109 89 110 
110 130 109 111 
111 110 
112 132 92 
113 114 93 133 
114 113 115 
115 114 135 
116 96 136 117 
117 116 
118 98 119 
119 99 139 118 
120 140 100 
121 122 141 
122 121 123 
123 122 103 
124 144 125 
125 105 124 
126 106 127 
127 147 126 
128 148 108 
129 130 149 
130 129 110 
131 132 151 
132 112 131 
133 113 134 
134 154 133 
135 115 155 
136 156 137 116 
137 136 138 
138 137 139 
139 138 119 
140 120 160 
141 121 142 
142 141 143 
143 163 142 
144 124 145 164 
145 144 165 
146 147 
147 146 148 127 
148 128 147 
149 129 169 
150 170 151 
151 131 150 
152 153 172 
153 152 173 
154 134 174 
155 175 135 
156 176 136 
157 177 158 
158 178 157 159 
159 179 158 
160 161 180 140 
161 160 162 
162 161 163 
163 162 143 
164 144 
165 145 166 
166 165 167 
167 168 166 
168 188 167 
169 149 189 
170 150 190 
171 172 191 
172 152 171 
173 193 153 
174 154 
175 155 195 
176 156 196 
177 157 
178 198 158 
179 159 199 
180 200 160 
181 182 
182 202 181 183 
183 184 182 
184 185 183 
185 184 186 
186 185 187 
187 186 188 
188 168 187 
189 169 209 
190 170 210 
191 171 211 
192 193 
193 192 194 173 
194 193 195 
195 194 175 
196 216 176 
197 217 198 
198 178 197 
199 219 179 
200 180 220 
201 202 221 
202 201 182 
203 204 
204 203 205 
205 204 206 
206 226 205 
207 208 227 
208 228 207 
209 229 210 189 
210 209 190 
211 191 212 231 
212 211 213 
213 212 214 
214 234 213 
215 216 235 
216 196 215 
217 197 218 237 
218 217 238 
219 199 
220 240 200 
221 201 241 222 
222 221 223 
223 243 222 
224 225 244 
225 224 226 
226 225 206 
227 207 247 
228 208 229 
229 209 228 
230 231 
231 232 211 230 
232 233 231 
233 232 
234 214 254 
235 215 255 
236 237 
237 257 236 217 
238 218 239 
239 259 238 
240 220 260 
241 221 261 
242 243 262 
243 242 223 
244 264 224 245 
245 244 246 
246 266 245 
247 248 227 
248 249 247 
249 248 250 
250 249 251 
251 250 252 
252 251 253 
253 273 252 
254 234 274 
255 256 235 
256 276 255 
257 258 237 
258 257 
259 279 239 
260 280 240 
261 241 
262 242 282 
263 264 
264 265 244 263 
265 264 285 
266 267 246 
267 266 268 287 
268 267 269 
269 268 270 
270 269 271 
271 272 270 
272 292 271 
273 253 293 
274 294 275 254 
275 274 295 
276 296 256 277 
277 276 278 
278 277 279 
279 299 259 278 
280 281 260 
281 280 282 
282 281 262 
283 284 303 
284 304 283 
285 305 265 
286 306 287 
287 267 307 286 
288 289 308 
289 288 290 
290 289 291 
291 290 311 
292 312 272 
293 313 273 
294 274 
295 315 275 
296 276 
297 298 317 
298 297 318 
299 279 
300 320 301 
301 300 302 
302 301 303 
303 323 283 302 
304 324 284 
305 285 
306 326 286 
307 287 327 
308 288 309 
309 308 310 
310 330 309 
311 331 291 
312 292 
313 314 293 
314 313 334 
315 335 295 
316 336 317 
317 297 316 
318 298 319 
319 339 318 
320 340 300 
321 322 341 
322 321 342 
323 343 303 
324 304 325 
325 345 324 326 
326 306 325 
327 328 307 
328 329 327 
329 328 349 
330 310 350 
331 332 311 
332 331 333 
333 353 332 
334 354 314 
335 336 315 
336 316 335 
337 338 357 
338 337 339 
339 338 319 359 
340 360 320 
341 321 361 
342 322 343 
343 323 342 
344 345 
345 344 325 
346 347 366 
347 346 367 
348 349 
349 329 348 
350 370 330 
351 352 371 
352 372 351 
353 354 333 
354 353 334 
355 356 375 
356 355 357 
357 337 356 
358 378 
359 339 379 
360 380 340 
361 362 341 
362 361 363 
363 362 364 
364 384 363 
365 385 366 
366 346 365 
367 368 347 
368 369 367 
369 368 389 
370 371 350 
371 370 351 
372 352 373 
373 393 372 
374 394 375 
375 355 374 
376 396 
377 378 397 
378 377 398 358 
379 359 399 
380 360 381 
381 380 382 
382 381 383 
383 382 
384 385 364 
385 384 386 365 
386 385 387 
387 386 388 
388 387 
389 369 390 
390 389 391 
391 392 390 
392 393 391 
393 392 394 373 
394 393 374 
395 396 
396 376 395 397 
397 377 396 
398 378 399 
